2000.0,10.6
1999.0,10.8
1998.0,10.4
1997.0,10.7
1996.0,10.3
1995.0,10.2
1994.0,11.4
1993.0,10.4
1992.0,9.7
1991.0,10.7
1990.0,10.8
1989.0,11.0
1988.0,9.8
1987.0,11.8
1986.0,10.5
1985.0,9.9
1984.0,9.7
1983.0,11.9
1982.0,10.2
1981.0,10.7
1980.0,10.0
1979.0,10.7
1978.0,10.5
1977.0,10.5
1976.0,11.0
1975.0,9.9
1974.0,10.1
1973.0,10.5
1972.0,9.6
1971.0,9.8
1970.0,10.2
1969.0,10.7
1968.0,9.9
1967.0,9.6
1966.0,11.1
1965.0,10.1
1964.0,10.2
1963.0,11.1
1962.0,9.3
1961.0,9.8
1960.0,12.0
1959.0,10.7
1958.0,10.2
1957.0,10.8
1956.0,10.0
1955.0,9.2
1954.0,9.4
1953.0,10.2
1952.0,10.6
1951.0,9.9
1950.0,9.5
1949.0,9.9
1948.0,9.9
1947.0,9.8
1946.0,10.2
1945.0,9.7
1944.0,11.0
1943.0,10.9
1942.0,10.9
1941.0,9.4
1940.0,10.8
1939.0,10.0
1938.0,10.5
1937.0,10.1
1936.0,10.4
1935.0,10.6
1934.0,11.8
1933.0,10.4
1932.0,10.1
1931.0,10.4
1930.0,10.5
1929.0,10.1
1928.0,10.5
1927.0,10.3
1926.0,9.5
1925.0,10.7
1924.0,10.8
1923.0,10.0
1922.0,10.0
1921.0,10.2
1920.0,10.9
1919.0,11.2
1918.0,10.3
1917.0,9.7
1916.0,10.4
1915.0,10.9
1914.0,9.9
1913.0,9.7
1912.0,10.4
1911.0,10.3
1910.0,10.6
1909.0,10.8
1908.0,10.9
1907.0,9.7
1906.0,10.2
1905.0,10.0
1904.0,10.5
1903.0,10.3
1902.0,9.9
1901.0,9.4
1900.0,10.4
1899.0,10.5
1898.0,9.1
1897.0,10.6
1896.0,10.9
1895.0,10.9
1894.0,10.6
1893.0,10.8
1892.0,9.9
1891.0,11.6
1890.0,11.1
1889.0,10.0
1888.0,9.8
1887.0,10.4
1886.0,10.0
1885.0,9.9
1884.0,11.5
1883.0,9.9
1882.0,10.7
1881.0,10.4
1880.0,10.3
1879.0,9.9
1878.0,10.4
1877.0,10.1
1876.0,9.2
1875.0,10.8
1874.0,10.2
1873.0,9.4
1872.0,10.8
1871.0,9.7
1870.0,9.8
1869.0,10.5
1868.0,10.1
1867.0,9.9
1866.0,10.0
1865.0,11.1
1864.0,9.8
1863.0,10.8
1862.0,10.0
1861.0,10.5
1860.0,10.2
1859.0,10.2
1858.0,10.2
1857.0,10.3
1856.0,11.0
1855.0,10.5
1854.0,10.4
1853.0,10.5
1852.0,9.4
1851.0,9.9
1850.0,10.3
1849.0,10.5
1848.0,10.5
1847.0,9.7
1846.0,10.8
1845.0,9.8
1844.0,10.4
1843.0,9.7
1842.0,10.8
1841.0,10.7
1840.0,10.4
1839.0,10.3
1838.0,10.1
1837.0,10.3
1836.0,9.4
1835.0,10.8
1834.0,10.3
1833.0,10.6
1832.0,11.2
1831.0,11.3
1830.0,9.6
1829.0,9.6
1828.0,9.9
1827.0,10.8
1826.0,10.9
1825.0,9.8
1824.0,11.0
1823.0,9.4
1822.0,10.5
1821.0,10.8
1820.0,10.9
1819.0,10.7
1818.0,10.1
1817.0,8.8
1816.0,9.7
1815.0,9.9
1814.0,9.6
1813.0,10.2
1812.0,9.8
1811.0,11.0
1810.0,9.7
1809.0,11.0
1808.0,9.8
1807.0,10.5
1806.0,11.6
1805.0,10.6
1804.0,11.2
1803.0,10.6
1802.0,9.2
1801.0,9.9
1800.0,11.4
1799.0,10.7
1798.0,10.4
1797.0,10.1
1796.0,9.6
1795.0,10.8
1794.0,11.4
1793.0,10.1
1792.0,11.4
1791.0,9.6
1790.0,10.5
1789.0,10.6
1788.0,9.6
1787.0,12.3
1786.0,10.6
1785.0,10.0
1784.0,10.4
1783.0,9.3
1782.0,11.2
1781.0,9.6
1780.0,9.9
1779.0,10.7
1778.0,10.1
1777.0,11.3
1776.0,9.7
1775.0,9.6
1774.0,9.6
1773.0,10.0
1772.0,10.3
1771.0,10.0
1770.0,9.1
1769.0,10.9
1768.0,10.0
1767.0,9.7
1766.0,10.2
1765.0,10.2
1764.0,10.1
1763.0,9.9
1762.0,10.8
1761.0,10.3
1760.0,9.4
1759.0,10.9
1758.0,10.2
1757.0,9.8
1756.0,10.7
1755.0,10.1
1754.0,10.1
1753.0,11.0
1752.0,11.1
1751.0,10.1
1750.0,10.9
1749.0,9.9
1748.0,10.1
1747.0,10.2
1746.0,10.5
1745.0,10.5
1744.0,11.8
1743.0,10.0
1742.0,10.5
1741.0,9.4
1740.0,10.3
1739.0,9.6
1738.0,9.8
1737.0,10.2
1736.0,11.0
1735.0,8.7
1734.0,9.9
1733.0,9.7
1732.0,10.7
1731.0,10.0
1730.0,9.1
1729.0,10.5
1728.0,10.2
1727.0,9.8
1726.0,10.0
1725.0,9.9
1724.0,10.3
1723.0,9.7
1722.0,9.9
1721.0,9.2
1720.0,10.3
1719.0,9.3
1718.0,9.6
1717.0,9.9
1716.0,9.8
1715.0,9.8
1714.0,9.9
1713.0,11.0
1712.0,9.8
1711.0,10.2
1710.0,10.1
1709.0,10.1
1708.0,10.5
1707.0,11.4
1706.0,10.8
1705.0,10.6
1704.0,10.5
1703.0,9.1
1702.0,9.3
1701.0,8.7
1700.0,10.2
1699.0,9.6
1698.0,9.4
1697.0,10.5
1696.0,9.7
1695.0,9.4
1694.0,10.8
1693.0,10.1
1692.0,9.8
1691.0,9.5
1690.0,10.2
1689.0,9.4
1688.0,9.7
1687.0,9.8
1686.0,9.3
1685.0,11.3
1684.0,10.1
1683.0,10.0
1682.0,10.5
1681.0,9.6
1680.0,9.7
1679.0,11.2
1678.0,9.3
1677.0,10.1
1676.0,9.9
1675.0,10.0
1674.0,10.6
1673.0,9.4
1672.0,10.7
1671.0,9.6
1670.0,10.4
1669.0,11.2
1668.0,9.7
1667.0,9.9
1666.0,10.2
1665.0,10.1
1664.0,9.8
1663.0,10.4
1662.0,9.7
1661.0,10.6
1660.0,10.8
1659.0,10.2
1658.0,10.1
1657.0,9.8
1656.0,10.4
1655.0,10.1
1654.0,10.0
1653.0,10.4
1652.0,9.7
1651.0,9.9
1650.0,10.1
1649.0,10.4
1648.0,9.9
1647.0,9.9
1646.0,9.4
1645.0,10.7
1644.0,9.9
1643.0,8.3
1642.0,9.7
1641.0,10.7
1640.0,9.2
1639.0,9.3
1638.0,9.8
1637.0,10.1
1636.0,9.4
1635.0,9.4
1634.0,8.9
1633.0,10.4
1632.0,10.0
1631.0,9.8
1630.0,9.2
1629.0,9.8
1628.0,11.0
1627.0,9.5
1626.0,9.8
1625.0,10.3
1624.0,9.3
1623.0,10.2
1622.0,9.8
1621.0,9.4
1620.0,9.7
1619.0,9.3
1618.0,9.8
1617.0,10.4
1616.0,10.1
1615.0,9.9
1614.0,10.2
1613.0,10.1
1612.0,9.9
1611.0,9.4
1610.0,9.9
1609.0,9.5
1608.0,9.7
1607.0,10.3
1606.0,8.8
1605.0,10.3
1604.0,10.2
1603.0,10.0
1602.0,9.7
1601.0,10.6
1600.0,11.1
1599.0,10.0
1598.0,10.8
1597.0,9.3
1596.0,10.2
1595.0,9.7
1594.0,10.7
1593.0,9.8
1592.0,9.9
1591.0,11.1
1590.0,10.3
1589.0,10.0
1588.0,9.9
1587.0,10.6
1586.0,10.8
1585.0,9.1
1584.0,9.8
1583.0,8.8
1582.0,9.0
1581.0,9.1
1580.0,9.7
1579.0,8.9
1578.0,9.5
1577.0,10.8
1576.0,9.5
1575.0,9.4
1574.0,9.8
1573.0,10.2
1572.0,9.3
1571.0,10.2
1570.0,10.8
1569.0,10.6
1568.0,9.4
1567.0,9.4
1566.0,10.5
1565.0,10.5
1564.0,10.1
1563.0,11.3
1562.0,10.6
1561.0,8.9
1560.0,9.3
1559.0,10.1
1558.0,9.7
1557.0,10.1
1556.0,10.0
1555.0,9.5
1554.0,10.5
1553.0,10.3
1552.0,10.8
1551.0,9.4
1550.0,10.3
1549.0,10.1
1548.0,8.9
1547.0,9.5
1546.0,9.8
1545.0,9.5
1544.0,9.5
1543.0,10.2
1542.0,9.2
1541.0,10.3
1540.0,9.7
1539.0,10.6
1538.0,10.3
1537.0,10.8
1536.0,9.5
1535.0,9.3
1534.0,9.5
1533.0,11.0
1532.0,10.1
1531.0,9.4
1530.0,9.9
1529.0,10.7
1528.0,9.6
1527.0,9.8
1526.0,10.5
1525.0,9.6
1524.0,9.9
1523.0,9.0
1522.0,9.6
1521.0,10.3
1520.0,10.1
1519.0,9.4
1518.0,9.3
1517.0,10.0
1516.0,9.8
1515.0,10.6
1514.0,10.4
1513.0,11.0
1512.0,10.3
1511.0,10.3
1510.0,9.8
1509.0,11.6
1508.0,9.4
1507.0,9.7
1506.0,9.1
1505.0,9.6
1504.0,10.2
1503.0,8.7
1502.0,10.1
1501.0,9.7
1500.0,9.2
1499.0,9.5
1498.0,9.6
1497.0,10.0
1496.0,9.8
1495.0,9.8
1494.0,10.1
1493.0,9.9
1492.0,9.9
1491.0,10.4
1490.0,9.8
1489.0,9.9
1488.0,9.6
1487.0,10.1
1486.0,10.1
1485.0,9.7
1484.0,9.7
1483.0,10.6
1482.0,9.7
1481.0,9.2
1480.0,10.9
1479.0,9.8
1478.0,9.9
1477.0,10.1
1476.0,10.3
1475.0,9.2
1474.0,10.1
1473.0,9.1
1472.0,9.2
1471.0,10.4
1470.0,9.7
1469.0,9.5
1468.0,9.9
1467.0,10.0
1466.0,8.9
1465.0,10.7
1464.0,9.7
1463.0,10.5
1462.0,9.7
1461.0,10.8
1460.0,9.3
1459.0,9.7
1458.0,9.8
1457.0,9.4
1456.0,9.3
1455.0,11.5
1454.0,9.1
1453.0,10.2
1452.0,9.9
1451.0,10.3
1450.0,9.9
1449.0,9.5
1448.0,11.2
1447.0,10.5
1446.0,10.4
1445.0,9.8
1444.0,9.0
1443.0,9.5
1442.0,10.2
1441.0,9.7
1440.0,8.8
1439.0,9.3
1438.0,9.8
1437.0,9.6
1436.0,9.0
1435.0,10.7
1434.0,10.4
1433.0,9.3
1432.0,10.2
1431.0,10.3
1430.0,10.7
1429.0,9.5
1428.0,10.9
1427.0,9.7
1426.0,9.2
1425.0,9.4
1424.0,9.4
1423.0,9.6
1422.0,9.6
1421.0,9.4
1420.0,9.5
1419.0,9.3
1418.0,9.3
1417.0,10.1
1416.0,10.7
1415.0,10.4
1414.0,9.6
1413.0,9.9
1412.0,10.1
1411.0,10.8
1410.0,8.9
1409.0,10.3
1408.0,9.7
1407.0,9.9
1406.0,8.6
1405.0,9.7
1404.0,9.4
1403.0,10.6
1402.0,10.6
1401.0,10.4
1400.0,10.0
1399.0,9.7
1398.0,9.9
1397.0,10.2
1396.0,10.1
1395.0,10.7
1394.0,11.0
1393.0,8.9
1392.0,9.8
1391.0,10.6
1390.0,9.3
1389.0,9.6
1388.0,10.0
1387.0,9.7
1386.0,8.9
1385.0,9.9
1384.0,10.3
1383.0,10.1
1382.0,9.4
1381.0,8.7
1380.0,11.4
1379.0,9.3
1378.0,9.4
1377.0,9.1
1376.0,9.3
1375.0,10.5
1374.0,9.8
1373.0,8.8
1372.0,9.8
1371.0,9.3
1370.0,9.0
1369.0,10.0
1368.0,9.4
1367.0,9.4
1366.0,9.7
1365.0,9.4
1364.0,9.8
1363.0,10.2
1362.0,10.1
1361.0,9.5
1360.0,9.1
1359.0,9.8
1358.0,8.8
1357.0,10.2
1356.0,9.0
1355.0,10.8
1354.0,10.5
1353.0,9.4
1352.0,9.5
1351.0,9.2
1350.0,10.4
1349.0,9.5
1348.0,10.9
1347.0,9.3
1346.0,9.0
1345.0,10.9
1344.0,9.5
1343.0,9.2
1342.0,9.3
1341.0,10.1
1340.0,9.3
1339.0,9.5
1338.0,9.4
1337.0,9.9
1336.0,9.9
1335.0,8.9
1334.0,10.1
1333.0,9.1
1332.0,9.1
1331.0,9.4
1330.0,9.5
1329.0,9.5
1328.0,10.4
1327.0,9.2
1326.0,9.3
1325.0,10.8
1324.0,9.5
1323.0,9.1
1322.0,10.2
1321.0,8.9
1320.0,9.5
1319.0,9.7
1318.0,9.9
1317.0,9.0
1316.0,9.8
1315.0,10.1
1314.0,10.5
1313.0,9.1
1312.0,9.0
1311.0,9.4
1310.0,9.7
1309.0,9.5
1308.0,10.1
1307.0,9.2
1306.0,9.7
1305.0,10.3
1304.0,8.8
1303.0,10.9
1302.0,8.5
1301.0,9.7
1300.0,8.7
1299.0,10.2
1298.0,9.5
1297.0,10.4
1296.0,9.3
1295.0,9.2
1294.0,9.8
1293.0,11.0
1292.0,10.2
1291.0,10.3
1290.0,10.3
1289.0,9.4
1288.0,8.7
1287.0,9.3
1286.0,10.0
1285.0,9.3
1284.0,12.2
1283.0,10.0
1282.0,9.5
1281.0,8.5
1280.0,9.7
1279.0,9.6
1278.0,9.4
1277.0,9.2
1276.0,10.6
1275.0,9.6
1274.0,10.1
1273.0,9.5
1272.0,9.9
1271.0,9.4
1270.0,9.4
1269.0,9.4
1268.0,9.9
1267.0,9.0
1266.0,9.9
1265.0,10.4
1264.0,10.1
1263.0,9.8
1262.0,10.1
1261.0,8.9
1260.0,9.0
1259.0,9.3
1258.0,9.8
1257.0,10.9
1256.0,9.4
1255.0,9.6
1254.0,8.9
1253.0,9.9
1252.0,10.0
1251.0,10.5
1250.0,9.6
1249.0,10.0
1248.0,8.9
1247.0,9.7
1246.0,9.0
1245.0,8.7
1244.0,9.5
1243.0,8.9
1242.0,11.1
1241.0,9.4
1240.0,10.2
1239.0,9.9
1238.0,9.9
1237.0,9.2
1236.0,9.5
1235.0,9.8
1234.0,10.0
1233.0,9.3
1232.0,9.6
1231.0,9.6
1230.0,9.7
1229.0,9.9
1228.0,9.4
1227.0,9.4
1226.0,9.3
1225.0,9.1
1224.0,9.8
1223.0,10.4
1222.0,9.2
1221.0,9.2
1220.0,10.0
1219.0,9.8
1218.0,10.0
1217.0,9.4
1216.0,9.2
1215.0,10.3
1214.0,10.0
1213.0,9.7
1212.0,10.3
1211.0,8.8
1210.0,10.3
1209.0,10.1
1208.0,9.3
1207.0,9.4
1206.0,9.2
1205.0,8.9
1204.0,9.1
1203.0,9.3
1202.0,8.4
1201.0,10.4
1200.0,9.8
1199.0,9.3
1198.0,9.1
1197.0,9.2
1196.0,9.3
1195.0,10.7
1194.0,9.8
1193.0,10.3
1192.0,8.6
1191.0,10.0
1190.0,10.7
1189.0,9.4
1188.0,9.6
1187.0,8.7
1186.0,9.6
1185.0,10.0
1184.0,9.0
1183.0,8.9
1182.0,9.0
1181.0,8.8
1180.0,9.1
1179.0,9.5
1178.0,10.1
1177.0,10.0
1176.0,9.9
1175.0,9.2
1174.0,9.3
1173.0,9.1
1172.0,9.4
1171.0,9.5
1170.0,8.9
1169.0,10.2
1168.0,10.2
1167.0,8.7
1166.0,9.3
1165.0,9.6
1164.0,10.0
1163.0,8.6
1162.0,9.5
1161.0,10.3
1160.0,8.5
1159.0,9.3
1158.0,8.8
1157.0,9.2
1156.0,9.3
1155.0,9.9
1154.0,9.3
1153.0,10.2
1152.0,10.4
1151.0,9.0
1150.0,9.1
1149.0,10.1
1148.0,10.1
1147.0,10.0
1146.0,10.1
1145.0,9.8
1144.0,9.0
1143.0,9.5
1142.0,10.9
1141.0,10.1
1140.0,9.7
1139.0,8.4
1138.0,9.6
1137.0,8.8
1136.0,9.5
1135.0,8.7
1134.0,9.7
1133.0,9.3
1132.0,9.9
1131.0,10.3
1130.0,9.5
1129.0,9.8
1128.0,9.3
1127.0,10.6
1126.0,9.0
1125.0,9.6
1124.0,9.1
1123.0,9.4
1122.0,9.5
1121.0,10.9
1120.0,9.3
1119.0,10.0
1118.0,9.8
1117.0,9.3
1116.0,10.1
1115.0,10.4
1114.0,9.5
1113.0,9.0
1112.0,9.3
1111.0,9.6
1110.0,9.2
1109.0,9.6
1108.0,9.4
1107.0,10.2
1106.0,9.7
1105.0,9.7
1104.0,11.5
1103.0,9.6
1102.0,8.6
1101.0,9.9
1100.0,10.4
1099.0,8.5
1098.0,9.9
1097.0,9.7
1096.0,9.6
1095.0,9.4
1094.0,9.8
1093.0,9.3
1092.0,8.8
1091.0,8.5
1090.0,9.5
1089.0,8.7
1088.0,10.7
1087.0,9.8
1086.0,9.6
1085.0,9.1
1084.0,9.3
1083.0,9.3
1082.0,8.9
1081.0,10.1
1080.0,8.8
1079.0,9.6
1078.0,9.0
1077.0,9.1
1076.0,9.0
1075.0,9.1
1074.0,8.4
1073.0,9.3
1072.0,9.1
1071.0,9.5
1070.0,9.0
1069.0,9.1
1068.0,9.4
1067.0,9.5
1066.0,8.9
1065.0,10.2
1064.0,9.7
1063.0,9.3
1062.0,9.8
1061.0,8.4
1060.0,8.8
1059.0,9.8
1058.0,9.4
1057.0,8.9
1056.0,9.9
1055.0,10.4
1054.0,9.9
1053.0,8.7
1052.0,10.4
1051.0,9.4
1050.0,9.0
1049.0,9.3
1048.0,8.8
1047.0,9.1
1046.0,8.6
1045.0,9.9
1044.0,9.2
1043.0,9.0
1042.0,9.8
1041.0,9.1
1040.0,8.4
1039.0,9.2
1038.0,9.9
1037.0,9.5
1036.0,9.8
1035.0,9.0
1034.0,9.3
1033.0,9.1
1032.0,8.9
1031.0,10.6
1030.0,9.6
1029.0,9.0
1028.0,8.9
1027.0,10.0
1026.0,9.8
1025.0,9.1
1024.0,8.4
1023.0,10.2
1022.0,9.3
1021.0,9.5
1020.0,8.8
1019.0,9.2
1018.0,8.7
1017.0,10.5
1016.0,9.6
1015.0,9.8
1014.0,10.1
1013.0,9.6
1012.0,8.7
1011.0,8.3
1010.0,9.7
1009.0,8.7
1008.0,9.4
1007.0,9.4
1006.0,8.6
1005.0,10.1
1004.0,9.2
1003.0,10.0
1002.0,9.1
1001.0,10.4
1000.0,8.4
999.0,9.7
998.0,9.2
997.0,9.1
996.0,8.6
995.0,8.9
994.0,8.6
993.0,10.0
992.0,9.5
991.0,8.8
990.0,9.2
989.0,9.1
988.0,9.0
987.0,9.3
986.0,9.7
985.0,8.7
984.0,9.3
983.0,8.9
982.0,9.6
981.0,9.3
980.0,9.4
979.0,8.7
978.0,8.7
977.0,10.4
976.0,8.8
975.0,8.8
974.0,9.6
973.0,8.3
972.0,9.9
971.0,11.0
970.0,8.9
969.0,9.9
968.0,9.5
967.0,9.0
966.0,8.1
965.0,9.7
964.0,7.9
963.0,10.2
962.0,9.5
961.0,10.7
960.0,9.3
959.0,10.1
958.0,9.1
957.0,9.7
956.0,9.0
955.0,9.1
954.0,8.4
953.0,9.1
952.0,8.4
951.0,8.8
950.0,9.5
949.0,8.1
948.0,9.5
947.0,9.0
946.0,10.4
945.0,10.3
944.0,8.5
943.0,9.5
942.0,10.4
941.0,8.3
940.0,8.0
939.0,9.2
938.0,9.1
937.0,9.0
936.0,8.5
935.0,9.2
934.0,9.3
933.0,9.2
932.0,8.8
931.0,8.7
930.0,8.6
929.0,9.3
928.0,8.7
927.0,8.5
926.0,7.9
925.0,8.9
924.0,9.2
923.0,8.7
922.0,8.5
921.0,8.3
920.0,8.9
919.0,9.1
918.0,9.7
917.0,8.7
916.0,8.8
915.0,9.1
914.0,10.0
913.0,9.5
912.0,9.7
911.0,8.6
910.0,9.5
909.0,8.6
908.0,8.3
907.0,9.5
906.0,9.4
905.0,8.5
904.0,9.3
903.0,9.8
902.0,9.2
901.0,9.7
900.0,9.3
899.0,9.3
898.0,9.6
897.0,8.8
896.0,8.5
895.0,9.1
894.0,10.5
893.0,8.6
892.0,9.6
891.0,9.3
890.0,8.4
889.0,10.2
888.0,9.0
887.0,10.0
886.0,8.6
885.0,9.0
884.0,8.8
883.0,8.8
882.0,8.7
881.0,8.4
880.0,9.1
879.0,8.0
878.0,10.1
877.0,8.7
876.0,8.6
875.0,9.6
874.0,9.2
873.0,9.2
872.0,9.4
871.0,9.1
870.0,9.3
869.0,8.6
868.0,8.3
867.0,8.9
866.0,9.3
865.0,8.0
864.0,7.7
863.0,8.2
862.0,9.2
861.0,9.3
860.0,8.1
859.0,9.1
858.0,8.8
857.0,9.2
856.0,9.4
855.0,8.8
854.0,8.4
853.0,9.6
852.0,9.2
851.0,8.3
850.0,10.0
849.0,9.0
848.0,10.4
847.0,7.7
846.0,8.2
845.0,9.3
844.0,8.9
843.0,9.4
842.0,9.5
841.0,10.4
840.0,9.2
839.0,8.0
838.0,9.9
837.0,9.7
836.0,9.1
835.0,8.4
834.0,8.6
833.0,8.6
832.0,8.1
831.0,9.5
830.0,8.8
829.0,9.6
828.0,8.9
827.0,8.5
826.0,10.5
825.0,9.2
824.0,10.0
823.0,8.0
822.0,8.9
821.0,9.8
820.0,8.9
819.0,8.9
818.0,8.7
817.0,8.5
816.0,10.4
815.0,9.6
814.0,9.0
813.0,9.1
812.0,8.7
811.0,9.1
810.0,9.1
809.0,8.7
808.0,8.5
807.0,9.1
806.0,8.8
805.0,8.6
804.0,9.3
803.0,10.1
802.0,10.0
801.0,9.1
800.0,8.1
799.0,9.4
798.0,8.2
797.0,9.2
796.0,8.7
795.0,8.2
794.0,9.3
793.0,9.6
792.0,9.4
791.0,9.0
790.0,7.8
789.0,8.8
788.0,9.3
787.0,9.2
786.0,8.7
785.0,9.1
784.0,9.3
783.0,10.3
782.0,8.6
781.0,8.8
780.0,8.8
779.0,8.9
778.0,10.2
777.0,9.0
776.0,9.0
775.0,9.8
774.0,9.3
773.0,7.8
772.0,8.6
771.0,9.8
770.0,9.3
769.0,9.7
768.0,9.2
767.0,10.0
766.0,9.3
765.0,9.6
764.0,8.3
763.0,9.4
762.0,8.4
761.0,10.5
760.0,8.8
759.0,9.0
758.0,8.9
757.0,9.5
756.0,8.4
755.0,8.5
754.0,8.7
753.0,8.4
752.0,10.0
751.0,9.4
750.0,8.8
749.0,9.9
748.0,8.6
747.0,8.2
746.0,8.4
745.0,8.5
744.0,7.8
743.0,9.8
742.0,8.2
741.0,8.8
740.0,10.5
739.0,8.3
738.0,8.2
737.0,9.3
736.0,8.9
735.0,8.6
734.0,10.1
733.0,8.5
732.0,8.3
731.0,8.6
730.0,8.5
729.0,9.2
728.0,8.7
727.0,8.1
726.0,8.3
725.0,9.5
724.0,9.2
723.0,8.5
722.0,10.0
721.0,9.4
720.0,8.9
719.0,8.4
718.0,8.3
717.0,9.0
716.0,7.7
715.0,8.4
714.0,8.9
713.0,8.6
712.0,9.5
711.0,9.1
710.0,10.2
709.0,8.2
708.0,9.2
707.0,9.5
706.0,8.5
705.0,8.6
704.0,8.6
703.0,8.8
702.0,8.8
701.0,8.9
700.0,8.2
699.0,9.1
698.0,8.5
697.0,7.8
696.0,9.3
695.0,9.3
694.0,9.5
693.0,8.8
692.0,8.1
691.0,8.1
690.0,9.0
689.0,8.8
688.0,9.0
687.0,9.6
686.0,8.7
685.0,9.3
684.0,8.5
683.0,8.9
682.0,8.1
681.0,8.1
680.0,8.5
679.0,9.6
678.0,8.1
677.0,8.9
676.0,8.1
675.0,8.4
674.0,9.5
673.0,9.3
672.0,8.8
671.0,7.7
670.0,9.2
669.0,8.2
668.0,8.5
667.0,8.2
666.0,9.1
665.0,9.1
664.0,9.3
663.0,8.2
662.0,8.4
661.0,7.6
660.0,8.2
659.0,8.7
658.0,8.4
657.0,9.7
656.0,9.2
655.0,8.9
654.0,8.7
653.0,8.4
652.0,8.4
651.0,9.2
650.0,7.7
649.0,7.6
648.0,8.1
647.0,8.2
646.0,8.9
645.0,8.6
644.0,9.4
643.0,9.1
642.0,8.8
641.0,8.4
640.0,8.5
639.0,8.1
638.0,8.2
637.0,10.3
636.0,8.7
635.0,8.9
634.0,8.5
633.0,8.1
632.0,9.1
631.0,9.1
630.0,9.2
629.0,9.1
628.0,8.8
627.0,9.2
626.0,8.6
625.0,8.7
624.0,8.2
623.0,8.2
622.0,8.3
621.0,9.1
620.0,9.0
619.0,7.8
618.0,8.2
617.0,9.0
616.0,8.5
615.0,9.2
614.0,9.4
613.0,9.1
612.0,8.8
611.0,7.9
610.0,8.8
609.0,8.1
608.0,8.2
607.0,8.1
606.0,8.4
605.0,7.7
604.0,8.3
603.0,8.6
602.0,8.5
601.0,9.6
600.0,7.9
599.0,8.1
598.0,9.0
597.0,9.0
596.0,8.4
595.0,9.0
594.0,8.9
593.0,8.0
592.0,8.8
591.0,8.9
590.0,9.2
589.0,8.2
588.0,7.9
587.0,8.9
586.0,8.6
585.0,8.8
584.0,8.9
583.0,7.9
582.0,9.8
581.0,8.9
580.0,8.0
579.0,9.0
578.0,9.0
577.0,8.8
576.0,7.9
575.0,8.5
574.0,8.6
573.0,9.1
572.0,7.8
571.0,8.7
570.0,8.2
569.0,8.0
568.0,8.1
567.0,8.6
566.0,8.2
565.0,9.9
564.0,8.2
563.0,7.8
562.0,9.3
561.0,8.1
560.0,8.9
559.0,8.7
558.0,9.9
557.0,8.8
556.0,8.7
555.0,8.4
554.0,8.7
553.0,7.6
552.0,8.2
551.0,8.8
550.0,7.8
549.0,7.9
548.0,8.2
547.0,8.2
546.0,8.3
545.0,7.8
544.0,7.7
543.0,7.7
542.0,9.1
541.0,8.3
540.0,9.1
539.0,8.0
538.0,9.0
537.0,9.0
536.0,8.0
535.0,8.1
534.0,8.7
533.0,8.6
532.0,8.4
531.0,8.1
530.0,9.3
529.0,8.0
528.0,7.9
527.0,8.0
526.0,7.9
525.0,7.5
524.0,7.8
523.0,9.3
522.0,8.2
521.0,8.6
520.0,8.0
519.0,8.2
518.0,7.6
517.0,7.1
516.0,8.0
515.0,8.4
514.0,9.1
513.0,7.1
512.0,7.9
511.0,9.5
510.0,8.3
509.0,8.2
508.0,7.7
507.0,8.1
506.0,8.5
505.0,8.0
504.0,7.9
503.0,7.8
502.0,8.0
501.0,8.7
500.0,8.2
499.0,7.4
498.0,8.0
497.0,7.8
496.0,7.3
495.0,8.8
494.0,8.6
493.0,7.6
492.0,8.4
491.0,9.3
490.0,7.6
489.0,7.6
488.0,8.9
487.0,8.2
486.0,8.7
485.0,8.8
484.0,8.0
483.0,8.0
482.0,8.3
481.0,7.2
480.0,7.5
479.0,8.2
478.0,7.4
477.0,9.1
476.0,7.7
475.0,8.3
474.0,7.6
473.0,8.2
472.0,8.4
471.0,7.8
470.0,8.3
469.0,8.7
468.0,8.5
467.0,9.0
466.0,7.7
465.0,8.3
464.0,8.8
463.0,8.7
462.0,8.0
461.0,8.5
460.0,8.0
459.0,7.9
458.0,7.7
457.0,7.5
456.0,8.5
455.0,8.7
454.0,7.7
453.0,7.6
452.0,7.6
451.0,7.8
450.0,8.0
449.0,8.0
448.0,7.7
447.0,8.3
446.0,9.1
445.0,8.6
444.0,7.8
443.0,7.7
442.0,8.4
441.0,7.4
440.0,7.9
439.0,9.2
438.0,8.1
437.0,8.6
436.0,7.9
435.0,7.5
434.0,8.9
433.0,8.7
432.0,8.7
431.0,7.6
430.0,8.1
429.0,8.0
428.0,7.6
427.0,7.3
426.0,7.9
425.0,8.9
424.0,7.9
423.0,8.8
422.0,7.4
421.0,9.0
420.0,8.2
419.0,7.3
418.0,8.1
417.0,7.2
416.0,8.5
415.0,8.1
414.0,8.1
413.0,8.2
412.0,8.9
411.0,7.4
410.0,8.0
409.0,7.6
408.0,8.0
407.0,8.0
406.0,8.2
405.0,8.5
404.0,7.1
403.0,8.6
402.0,8.4
401.0,7.1
400.0,8.3
399.0,7.1
398.0,8.1
397.0,7.1
396.0,6.9
395.0,8.6
394.0,7.8
393.0,7.4
392.0,9.1
391.0,6.4
390.0,7.6
389.0,8.4
388.0,7.7
387.0,7.9
386.0,6.9
385.0,7.9
384.0,7.4
383.0,8.6
382.0,7.4
381.0,7.2
380.0,8.4
379.0,8.6
378.0,8.0
377.0,7.9
376.0,7.8
375.0,8.3
374.0,7.6
373.0,8.3
372.0,8.2
371.0,7.8
370.0,7.3
369.0,6.5
368.0,7.4
367.0,8.1
366.0,6.7
365.0,7.8
364.0,7.9
363.0,7.4
362.0,8.9
361.0,8.4
360.0,8.0
359.0,6.7
358.0,7.8
357.0,7.8
356.0,7.6
355.0,8.2
354.0,8.0
353.0,8.5
352.0,8.4
351.0,8.4
350.0,7.8
349.0,8.7
348.0,7.8
347.0,8.6
346.0,7.4
345.0,8.0
344.0,8.1
343.0,7.9
342.0,7.7
341.0,8.0
340.0,8.0
339.0,6.8
338.0,7.1
337.0,6.8
336.0,7.1
335.0,7.7
334.0,7.5
333.0,7.6
332.0,9.4
331.0,6.7
330.0,7.6
329.0,7.3
328.0,7.3
327.0,7.6
326.0,7.5
325.0,8.0
324.0,8.3
323.0,7.6
322.0,9.5
321.0,7.7
320.0,7.6
319.0,7.3
318.0,7.5
317.0,8.0
316.0,7.7
315.0,8.0
314.0,7.3
313.0,8.0
312.0,7.3
311.0,7.0
310.0,8.8
309.0,8.4
308.0,8.5
307.0,7.3
306.0,6.9
305.0,6.6
304.0,7.4
303.0,8.0
302.0,7.3
301.0,7.9
300.0,6.8
299.0,7.7
298.0,7.5
297.0,7.4
296.0,7.4
295.0,7.9
294.0,7.3
293.0,7.0
292.0,8.7
291.0,7.7
290.0,6.4
289.0,8.0
288.0,6.7
287.0,7.8
286.0,7.7
285.0,7.5
284.0,7.9
283.0,8.4
282.0,8.9
281.0,8.1
280.0,8.0
279.0,7.1
278.0,8.5
277.0,7.8
276.0,7.5
275.0,8.6
274.0,7.4
273.0,7.6
272.0,7.2
271.0,7.8
270.0,6.7
269.0,7.6
268.0,8.5
267.0,7.9
266.0,7.2
265.0,8.0
264.0,8.1
263.0,7.8
262.0,7.8
261.0,6.4
260.0,7.8
259.0,7.5
258.0,6.8
257.0,6.3
256.0,7.6
255.0,7.9
254.0,7.3
253.0,8.1
252.0,6.5
251.0,7.6
250.0,7.3
249.0,6.8
248.0,6.3
247.0,7.5
246.0,7.7
245.0,7.5
244.0,7.6
243.0,7.4
242.0,7.0
241.0,6.6
240.0,7.4
239.0,7.1
238.0,6.8
237.0,7.3
236.0,7.2
235.0,7.7
234.0,6.7
233.0,7.5
232.0,6.4
231.0,6.8
230.0,7.4
229.0,6.9
228.0,7.3
227.0,6.2
226.0,6.5
225.0,6.7
224.0,6.9
223.0,7.6
222.0,8.5
221.0,6.7
220.0,6.1
219.0,6.7
218.0,7.0
217.0,6.5
216.0,6.9
215.0,6.7
214.0,7.2
213.0,8.6
212.0,6.9
211.0,6.6
210.0,7.3
209.0,7.7
208.0,7.2
207.0,6.9
206.0,7.8
205.0,6.9
204.0,7.0
203.0,7.0
202.0,7.0
201.0,6.7
200.0,6.3
199.0,6.1
198.0,6.9
197.0,7.2
196.0,7.6
195.0,6.4
194.0,7.0
193.0,6.9
192.0,6.1
191.0,7.3
190.0,7.6
189.0,7.5
188.0,6.7
187.0,7.0
186.0,6.3
185.0,6.8
184.0,5.3
183.0,6.6
182.0,6.9
181.0,7.2
180.0,6.1
179.0,6.0
178.0,7.8
177.0,6.0
176.0,8.5
175.0,7.2
174.0,7.7
173.0,6.1
172.0,6.6
171.0,6.5
170.0,6.6
169.0,6.5
168.0,6.3
167.0,6.3
166.0,6.1
165.0,7.0
164.0,6.6
163.0,6.3
162.0,6.5
161.0,7.1
160.0,6.7
159.0,6.8
158.0,6.5
157.0,6.7
156.0,8.0
155.0,5.6
154.0,7.1
153.0,7.1
152.0,6.6
151.0,5.0
150.0,7.1
149.0,5.8
148.0,6.0
147.0,6.9
146.0,6.9
145.0,6.2
144.0,6.2
143.0,6.9
142.0,6.5
141.0,7.4
140.0,6.5
139.0,5.9
138.0,7.7
137.0,6.4
136.0,7.1
135.0,5.3
134.0,6.6
133.0,6.1
132.0,6.0
131.0,5.7
130.0,7.2
129.0,6.3
128.0,6.2
127.0,7.2
126.0,6.0
125.0,6.2
124.0,5.6
123.0,6.0
122.0,6.3
121.0,6.5
120.0,6.6
119.0,6.2
118.0,5.8
117.0,5.9
116.0,5.8
115.0,6.0
114.0,6.5
113.0,6.8
112.0,5.7
111.0,6.5
110.0,5.8
109.0,6.9
108.0,6.1
107.0,6.2
106.0,6.4
105.0,6.3
104.0,5.1
103.0,5.2
102.0,6.9
101.0,6.2
100.0,5.9
99.0,6.3
98.0,6.2
97.0,7.1
96.0,5.7
95.0,6.4
94.0,5.8
93.0,5.0
92.0,5.7
91.0,6.2
90.0,5.3
89.0,6.0
88.0,5.8
87.0,6.9
86.0,5.0
85.0,5.8
84.0,6.1
83.0,5.2
82.0,5.8
81.0,5.3
80.0,5.3
79.0,5.5
78.0,5.2
77.0,5.1
76.0,5.5
75.0,5.1
74.0,4.6
73.0,5.2
72.0,5.8
71.0,4.6
70.0,5.3
69.0,5.4
68.0,5.7
67.0,5.1
66.0,6.4
65.0,5.3
64.0,5.7
63.0,5.4
62.0,5.0
61.0,4.9
60.0,5.1
59.0,5.3
58.0,5.1
57.0,4.7
56.0,4.3
55.0,4.9
54.0,5.2
53.0,4.9
52.0,5.0
51.0,5.2
50.0,4.3
49.0,4.7
48.0,4.8
47.0,4.6
46.0,5.8
45.0,4.4
44.0,5.5
43.0,3.7
42.0,6.2
41.0,5.3
40.0,4.4
39.0,3.9
38.0,5.2
37.0,4.7
36.0,4.6
35.0,4.7
34.0,3.9
33.0,3.8
32.0,4.1
31.0,3.5
30.0,4.4
29.0,3.5
28.0,4.5
27.0,4.2
26.0,4.5
25.0,4.0
24.0,4.3
23.0,3.2
22.0,4.1
21.0,3.9
20.0,3.5
19.0,3.5
18.0,4.1
17.0,3.5
16.0,3.2
15.0,2.3
14.0,3.2
13.0,4.1
12.0,2.0
11.0,3.5
10.0,2.9
